1 0.1078125 0.9703125 0.128125 0.9703125 0.1515625 0.99375 0.1515625 0.9984375 0.0734375 0.9984375 0.0734375 0.99375 0.0765625 0.9921875 0.078125 0.984375 0.084375 0.9828125 0.0875 0.978125 0.09375 0.978125 0.0953125 0.975 0.1015625 0.975 0.1078125 0.971875
1 0.971875 0.609375 0.9734375 0.6171875 0.9765625 0.61875 0.978125 0.653125 0.96875 0.665625 0.9453125 0.6765625 0.9296875 0.675 0.928125 0.671875 0.921875 0.671875 0.91875 0.6671875 0.915625 0.6671875 0.9171875 0.640625 0.9203125 0.6390625 0.921875 0.6328125 0.9328125 0.63125 0.934375 0.628125 0.9453125 0.6234375 0.946875 0.6203125 0.95 0.6203125 0.953125 0.615625 0.959375 0.6140625 0.9609375 0.6109375 0.9703125 0.609375
1 0.684375 0.9875 0.690625 0.9921875 0.6921875 0.9984375 0.64375 0.9984375 0.64375 0.99375 0.6484375 0.9890625 0.6515625 0.9890625 0.6546875 0.984375 0.675 0.984375 0.6765625 0.9875 0.6828125 0.9875
1 0.684375 0.625 0.70625 0.6234375 0.7109375 0.628125 0.7140625 0.628125 0.715625 0.6359375 0.7140625 0.64375 0.7109375 0.6453125 0.709375 0.671875 0.70625 0.6734375 0.7046875 0.6796875 0.6875 0.696875 0.68125 0.6984375 0.6796875 0.7015625 0.6546875 0.7015625 0.6515625 0.696875 0.6484375 0.696875 0.63125 0.6796875 0.6296875 0.6734375 0.6234375 0.6671875 0.6234375 0.6625 0.621875 0.6578125 0.61875 0.65625 0.6171875 0.6484375 0.61875 0.6359375 0.625 0.6359375 0.6265625 0.6328125 0.66875 0.63125 0.6703125 0.628125 0.684375 0.6265625
1 0.1484375 0.653125 0.1484375 0.6515625 0.15 0.6546875 0.153125 0.6546875 0.153125 0.684375 0.146875 0.696875 0.1390625 0.703125 0.1375 0.7109375 0.128125 0.71875 0.115625 0.7203125 0.1046875 0.71875 0.103125 0.715625 0.090625 0.7140625 0.0859375 0.7078125 0.078125 0.70625 0.0765625 0.7 0.071875 0.696875 0.0671875 0.6859375 0.0640625 0.684375 0.0640625 0.6734375 0.0703125 0.66875 0.0765625 0.6765625 0.0984375 0.6765625 0.1 0.6734375 0.1109375 0.671875 0.1125 0.66875 0.121875 0.6671875 0.1234375 0.6640625 0.1328125 0.6625 0.134375 0.659375 0.146875 0.6546875
1 0 0.646875 0.021875 0.6453125 0.021875 0.65625 0.01875 0.6578125 0.0171875 0.6671875 0.0046875 0.6796875 0 0.6796875 0 0.6484375
1 0.0625 0.671875 0.0625 0.68125 0.065625 0.6828125 0.0671875 0.6921875 0.071875 0.6953125 0.075 0.703125 0.084375 0.7078125 0.0921875 0.715625 0.10625 0.7171875 0.10625 0.7234375 0.096875 0.7296875 0.071875 0.7296875 0.05625 0.71875 0.0546875 0.7125 0.0515625 0.7109375 0.05 0.69375 0.046875 0.6921875 0.046875 0.6828125 0.05 0.68125 0.0515625 0.66875 0.059375 0.66875 0.0609375 0.671875
1 0.5453125 0.6625 0.553125 0.66875 0.5546875 0.68125 0.54375 0.6921875 0.5359375 0.6921875 0.534375 0.6890625 0.5296875 0.6890625 0.5203125 0.6796875 0.5203125 0.6671875 0.53125 0.66875 0.54375 0.6625
1 0.2171875 0.659375 0.25 0.659375 0.2515625 0.6578125 0.28125 0.659375 0.2828125 0.6625 0.3 0.6640625 0.3015625 0.6671875 0.325 0.66875 0.325 0.6765625 0.321875 0.678125 0.3203125 0.6859375 0.3203125 0.696875 0.309375 0.7078125 0.3078125 0.7140625 0.3 0.721875 0.2984375 0.728125 0.284375 0.7421875 0.278125 0.7421875 0.2765625 0.7453125 0.24375 0.7453125 0.2421875 0.740625 0.23125 0.7296875 0.225 0.728125 0.2125 0.7140625 0.2109375 0.6984375 0.2078125 0.696875 0.20625 0.678125 0.203125 0.6765625 0.2 0.6703125 0.1921875 0.6671875 0.1921875 0.6625 0.215625 0.6625 0.2171875 0.6609375
1 0.8296875 0.63125 0.83125 0.6359375 0.8375 0.6375 0.9109375 0.6359375 0.9125 0.6328125 0.91875 0.6359375 0.91875 0.6390625 0.915625 0.640625 0.9140625 0.6609375 0.9109375 0.6625 0.909375 0.671875 0.9015625 0.6796875 0.8953125 0.68125 0.8875 0.6921875 0.8828125 0.69375 0.859375 0.6921875 0.85625 0.6875 0.853125 0.6875 0.8484375 0.68125 0.8421875 0.6796875 0.8328125 0.6703125 0.83125 0.6640625 0.828125 0.6625 0.8265625 0.6515625 0.8234375 0.65 0.8234375 0.646875 0.81875 0.64375 0.8171875 0.6390625 0.8171875 0.6328125 0.821875 0.628125 0.8265625 0.628125 0.828125 0.63125
1 0.0640625 0.9625 0.0703125 0.9609375 0.071875 0.9578125 0.09375 0.9578125 0.0953125 0.9609375 0.103125 0.9625 0.1078125 0.9671875 0.1078125 0.9734375 0.103125 0.9734375 0.1015625 0.9765625 0.0875 0.978125 0.0859375 0.98125 0.0828125 0.98125 0.0765625 0.9875 0.075 0.9984375 0.05 0.9984375 0.0515625 0.978125 0.0546875 0.9765625 0.05625 0.9703125 0.0640625 0.9640625
1 0.4390625 0.690625 0.459375 0.690625 0.4609375 0.69375 0.4734375 0.69375 0.4734375 0.703125 0.4765625 0.7046875 0.4765625 0.725 0.4734375 0.7265625 0.471875 0.734375 0.4609375 0.74375 0.459375 0.75 0.453125 0.7515625 0.45 0.75625 0.44375 0.75625 0.4421875 0.759375 0.4328125 0.7609375 0.421875 0.759375 0.409375 0.746875 0.4046875 0.7453125 0.403125 0.7390625 0.3984375 0.734375 0.3984375 0.7296875 0.3953125 0.728125 0.39375 0.7171875 0.390625 0.715625 0.390625 0.7 0.3953125 0.6953125 0.4375 0.69375 0.4390625 0.6921875
1 0.421875 0.93125 0.425 0.9296875 0.45 0.93125 0.471875 0.9515625 0.4734375 0.9640625 0.4765625 0.965625 0.4765625 0.9828125 0.4734375 0.984375 0.4734375 0.990625 0.465625 0.9921875 0.4640625 0.9953125 0.4578125 0.9953125 0.45625 0.9984375 0.446875 0.9984375 0.4453125 0.9953125 0.4203125 0.9953125 0.41875 0.9921875 0.3984375 0.9921875 0.3921875 0.9984375 0.3859375 0.9984375 0.384375 0.984375 0.3890625 0.975 0.39375 0.971875 0.39375 0.965625 0.3953125 0.9609375 0.3984375 0.959375 0.3984375 0.953125 0.403125 0.95 0.4078125 0.940625 0.4140625 0.9390625 0.4171875 0.934375 0.421875 0.9328125
1 0.2390625 0.9484375 0.2578125 0.946875 0.259375 0.94375 0.2671875 0.94375 0.26875 0.946875 0.2859375 0.9484375 0.2890625 0.9546875 0.303125 0.9671875 0.303125 0.971875 0.3078125 0.975 0.309375 0.98125 0.315625 0.984375 0.3171875 0.990625 0.3203125 0.9921875 0.3203125 0.9984375 0.2109375 0.9984375 0.2125 0.975 0.2171875 0.971875 0.2171875 0.9671875 0.221875 0.965625 0.2296875 0.9578125 0.2359375 0.95625 0.2390625 0.95